YY MM DD hh WD   WSPD GST  WVHT  DPD   APD  MWD  BAR    ATMP  WTMP  DEWP  VIS
73 12 01 01 149 01.5 99.0 99.00 99.00 99.00 999 1031.0  15.5 999.0  05.4 99.0
73 12 01 02 145 00.3 99.0 99.00 99.00 99.00 999 1031.0  13.9 999.0  07.3 99.0
73 12 01 03 315 01.4 99.0 99.00 99.00 99.00 999 1031.0  11.4 999.0  06.5 99.0
73 12 01 04 312 01.6 99.0 99.00 99.00 99.00 999 1031.0  10.4 999.0  06.0 99.0
73 12 01 05 315 02.2 99.0 99.00 99.00 99.00 999 1031.0  09.5 999.0  06.2 99.0
73 12 01 06 314 02.4 99.0 99.00 99.00 99.00 999 1031.0  09.2 999.0  05.8 99.0
73 12 01 07 312 02.1 99.0 99.00 99.00 99.00 999 1031.0  08.7 999.0  05.9 99.0
73 12 01 08 305 03.8 99.0 99.00 99.00 99.00 999 1031.0  08.8 999.0  05.2 99.0
73 12 01 09 307 02.7 99.0 99.00 99.00 99.00 999 1030.0  08.5 999.0  05.2 99.0
73 12 01 10 316 02.4 99.0 99.00 99.00 99.00 999 1030.0  08.3 999.0  05.5 99.0
73 12 01 11 316 02.2 99.0 99.00 99.00 99.00 999 1030.0  07.7 999.0  05.2 99.0
73 12 01 12 316 03.0 99.0 99.00 99.00 99.00 999 1031.0  07.4 999.0  04.8 99.0
73 12 01 13 319 03.4 99.0 99.00 99.00 99.00 999 1031.0  07.6 999.0  04.6 99.0
73 12 01 14 336 03.4 99.0 99.00 99.00 99.00 999 1031.0  09.6 999.0  04.3 99.0
73 12 01 15 002 02.2 99.0 99.00 99.00 99.00 999 1032.0  14.7 999.0  06.9 99.0
73 12 01 16 016 02.8 99.0 99.00 99.00 99.00 999 1032.0  16.8 999.0  08.0 99.0
73 12 01 17 999 99.0 99.0 99.00 99.00 99.00 999 9999.0 999.0 999.0 999.0 99.0
73 12 01 18 999 99.0 99.0 99.00 99.00 99.00 999 9999.0 999.0 999.0 999.0 99.0
73 12 01 19 999 99.0 99.0 99.00 99.00 99.00 999 9999.0 999.0 999.0 999.0 99.0
73 12 01 20 999 99.0 99.0 99.00 99.00 99.00 999 9999.0 999.0 999.0 999.0 99.0
73 12 01 21 999 99.0 99.0 99.00 99.00 99.00 999 9999.0 999.0 999.0 999.0 99.0
73 12 01 22 999 99.0 99.0 99.00 99.00 99.00 999 9999.0 999.0 999.0 999.0 99.0
73 12 01 23 999 99.0 99.0 99.00 99.00 99.00 999 9999.0 999.0 999.0 999.0 99.0
73 12 02 00 999 99.0 99.0 99.00 99.00 99.00 999 9999.0 999.0 999.0 999.0 99.0
73 12 02 01 999 99.0 99.0 99.00 99.00 99.00 999 9999.0 999.0 999.0 999.0 99.0
73 12 02 02 999 99.0 99.0 99.00 99.00 99.00 999 9999.0 999.0 999.0 999.0 99.0
73 12 02 03 999 99.0 99.0 99.00 99.00 99.00 999 9999.0 999.0 999.0 999.0 99.0
73 12 02 04 999 99.0 99.0 99.00 99.00 99.00 999 9999.0 999.0 999.0 999.0 99.0
73 12 02 05 999 99.0 99.0 99.00 99.00 99.00 999 9999.0 999.0 999.0 999.0 99.0
73 12 02 06 999 99.0 99.0 99.00 99.00 99.00 999 9999.0 999.0 999.0 999.0 99.0
73 12 02 07 999 99.0 99.0 99.00 99.00 99.00 999 9999.0 999.0 999.0 999.0 99.0
73 12 02 08 999 99.0 99.0 99.00 99.00 99.00 999 9999.0 999.0 999.0 999.0 99.0
73 12 02 09 999 99.0 99.0 99.00 99.00 99.00 999 9999.0 999.0 999.0 999.0 99.0
73 12 02 10 999 99.0 99.0 99.00 99.00 99.00 999 9999.0 999.0 999.0 999.0 99.0
73 12 02 11 999 99.0 99.0 99.00 99.00 99.00 999 9999.0 999.0 999.0 999.0 99.0
73 12 02 12 999 99.0 99.0 99.00 99.00 99.00 999 9999.0 999.0 999.0 999.0 99.0
73 12 02 13 999 99.0 99.0 99.00 99.00 99.00 999 9999.0 999.0 999.0 999.0 99.0
73 12 02 14 999 99.0 99.0 99.00 99.00 99.00 999 9999.0 999.0 999.0 999.0 99.0
73 12 02 15 999 99.0 99.0 99.00 99.00 99.00 999 9999.0 999.0 999.0 999.0 99.0
73 12 02 16 999 99.0 99.0 99.00 99.00 99.00 999 9999.0 999.0 999.0 999.0 99.0
73 12 02 17 999 99.0 99.0 99.00 99.00 99.00 999 9999.0 999.0 999.0 999.0 99.0
73 12 02 18 999 99.0 99.0 99.00 99.00 99.00 999 9999.0 999.0 999.0 999.0 99.0
73 12 02 19 999 99.0 99.0 99.00 99.00 99.00 999 9999.0 999.0 999.0 999.0 99.0
73 12 02 20 999 99.0 99.0 99.00 99.00 99.00 999 9999.0 999.0 999.0 999.0 99.0
73 12 02 21 999 99.0 99.0 99.00 99.00 99.00 999 9999.0 999.0 999.0 999.0 99.0
73 12 02 22 999 99.0 99.0 99.00 99.00 99.00 999 9999.0 999.0 999.0 999.0 99.0
73 12 02 23 999 99.0 99.0 99.00 99.00 99.00 999 9999.0 999.0 999.0 999.0 99.0
73 12 03 00 999 99.0 99.0 99.00 99.00 99.00 999 9999.0 999.0 999.0 999.0 99.0
73 12 03 01 999 99.0 99.0 99.00 99.00 99.00 999 9999.0 999.0 999.0 999.0 99.0
73 12 03 02 999 99.0 99.0 99.00 99.00 99.00 999 9999.0 999.0 999.0 999.0 99.0
73 12 03 03 999 99.0 99.0 99.00 99.00 99.00 999 9999.0 999.0 999.0 999.0 99.0
73 12 03 04 999 99.0 99.0 99.00 99.00 99.00 999 9999.0 999.0 999.0 999.0 99.0
73 12 03 05 999 99.0 99.0 99.00 99.00 99.00 999 9999.0 999.0 999.0 999.0 99.0
73 12 03 06 999 99.0 99.0 99.00 99.00 99.00 999 9999.0 999.0 999.0 999.0 99.0
73 12 03 07 999 99.0 99.0 99.00 99.00 99.00 999 9999.0 999.0 999.0 999.0 99.0
73 12 03 08 999 99.0 99.0 99.00 99.00 99.00 999 9999.0 999.0 999.0 999.0 99.0
73 12 03 09 999 99.0 99.0 99.00 99.00 99.00 999 9999.0 999.0 999.0 999.0 99.0
73 12 03 10 999 99.0 99.0 99.00 99.00 99.00 999 9999.0 999.0 999.0 999.0 99.0
73 12 03 11 999 99.0 99.0 99.00 99.00 99.00 999 9999.0 999.0 999.0 999.0 99.0
73 12 03 12 999 99.0 99.0 99.00 99.00 99.00 999 9999.0 999.0 999.0 999.0 99.0
73 12 03 13 999 99.0 99.0 99.00 99.00 99.00 999 9999.0 999.0 999.0 999.0 99.0
73 12 03 14 999 99.0 99.0 99.00 99.00 99.00 999 9999.0 999.0 999.0 999.0 99.0
73 12 03 15 999 99.0 99.0 99.00 99.00 99.00 999 9999.0 999.0 999.0 999.0 99.0
73 12 04 17 999 99.0 99.0 99.00 99.00 99.00 999 9999.0 999.0 999.0 999.0 99.0
73 12 04 18 999 99.0 99.0 99.00 99.00 99.00 999 9999.0 999.0 999.0 999.0 99.0
73 12 04 19 999 99.0 99.0 99.00 99.00 99.00 999 9999.0 999.0 999.0 999.0 99.0
73 12 04 20 999 99.0 99.0 99.00 99.00 99.00 999 9999.0 999.0 999.0 999.0 99.0
73 12 04 21 999 99.0 99.0 99.00 99.00 99.00 999 9999.0 999.0 999.0 999.0 99.0
73 12 05 22 999 99.0 99.0 99.00 99.00 99.00 999 9999.0 999.0 999.0 999.0 99.0
73 12 05 23 999 99.0 99.0 99.00 99.00 99.00 999 9999.0 999.0 999.0 999.0 99.0
73 12 06 00 999 99.0 99.0 99.00 99.00 99.00 999 9999.0 999.0 999.0 999.0 99.0
73 12 06 01 999 99.0 99.0 99.00 99.00 99.00 999 9999.0 999.0 999.0 999.0 99.0
73 12 06 02 999 99.0 99.0 99.00 99.00 99.00 999 9999.0 999.0 999.0 999.0 99.0
73 12 06 03 999 99.0 99.0 99.00 99.00 99.00 999 9999.0 999.0 999.0 999.0 99.0
73 12 06 04 999 99.0 99.0 99.00 99.00 99.00 999 9999.0 999.0 999.0 999.0 99.0
73 12 06 05 999 99.0 99.0 99.00 99.00 99.00 999 9999.0 999.0 999.0 999.0 99.0
73 12 06 06 999 99.0 99.0 99.00 99.00 99.00 999 9999.0 999.0 999.0 999.0 99.0
73 12 06 07 999 99.0 99.0 99.00 99.00 99.00 999 9999.0 999.0 999.0 999.0 99.0
73 12 06 08 999 99.0 99.0 99.00 99.00 99.00 999 9999.0 999.0 999.0 999.0 99.0
73 12 06 09 999 99.0 99.0 99.00 99.00 99.00 999 9999.0 999.0 999.0 999.0 99.0
73 12 06 10 999 99.0 99.0 99.00 99.00 99.00 999 9999.0 999.0 999.0 999.0 99.0
73 12 06 11 999 99.0 99.0 99.00 99.00 99.00 999 9999.0 999.0 999.0 999.0 99.0
73 12 06 12 999 99.0 99.0 99.00 99.00 99.00 999 9999.0 999.0 999.0 999.0 99.0
73 12 06 13 999 99.0 99.0 99.00 99.00 99.00 999 9999.0 999.0 999.0 999.0 99.0
73 12 06 14 999 99.0 99.0 99.00 99.00 99.00 999 9999.0 999.0 999.0 999.0 99.0
73 12 06 15 999 99.0 99.0 99.00 99.00 99.00 999 9999.0 999.0 999.0 999.0 99.0
73 12 06 16 999 99.0 99.0 99.00 99.00 99.00 999 9999.0 999.0 999.0 999.0 99.0
73 12 06 17 999 99.0 99.0 99.00 99.00 99.00 999 9999.0 999.0 999.0 999.0 99.0
73 12 06 18 999 99.0 99.0 99.00 99.00 99.00 999 9999.0 999.0 999.0 999.0 99.0
73 12 06 19 999 99.0 99.0 99.00 99.00 99.00 999 9999.0 999.0 999.0 999.0 99.0
73 12 06 20 999 99.0 99.0 99.00 99.00 99.00 999 9999.0 999.0 999.0 999.0 99.0
73 12 06 21 999 99.0 99.0 99.00 99.00 99.00 999 9999.0 999.0 999.0 999.0 99.0
73 12 06 22 999 99.0 99.0 99.00 99.00 99.00 999 9999.0 999.0 999.0 999.0 99.0
73 12 06 23 999 99.0 99.0 99.00 99.00 99.00 999 9999.0 999.0 999.0 999.0 99.0
73 12 07 00 999 99.0 99.0 99.00 99.00 99.00 999 9999.0 999.0 999.0 999.0 99.0
73 12 07 01 999 99.0 99.0 99.00 99.00 99.00 999 9999.0 999.0 999.0 999.0 99.0
73 12 07 02 999 99.0 99.0 99.00 99.00 99.00 999 9999.0 999.0 999.0 999.0 99.0
73 12 07 03 999 99.0 99.0 99.00 99.00 99.00 999 9999.0 999.0 999.0 999.0 99.0
73 12 07 04 999 99.0 99.0 99.00 99.00 99.00 999 9999.0 999.0 999.0 999.0 99.0
73 12 07 05 999 99.0 99.0 99.00 99.00 99.00 999 9999.0 999.0 999.0 999.0 99.0
73 12 07 06 999 99.0 99.0 99.00 99.00 99.00 999 9999.0 999.0 999.0 999.0 99.0
73 12 07 07 999 99.0 99.0 99.00 99.00 99.00 999 9999.0 999.0 999.0 999.0 99.0
73 12 07 08 999 99.0 99.0 99.00 99.00 99.00 999 9999.0 999.0 999.0 999.0 99.0
73 12 07 09 999 99.0 99.0 99.00 99.00 99.00 999 9999.0 999.0 999.0 999.0 99.0
73 12 07 10 999 99.0 99.0 99.00 99.00 99.00 999 9999.0 999.0 999.0 999.0 99.0
73 12 07 11 999 99.0 99.0 99.00 99.00 99.00 999 9999.0 999.0 999.0 999.0 99.0
73 12 07 12 999 99.0 99.0 99.00 99.00 99.00 999 9999.0 999.0 999.0 999.0 99.0
73 12 07 13 999 99.0 99.0 99.00 99.00 99.00 999 9999.0 999.0 999.0 999.0 99.0
73 12 07 14 999 99.0 99.0 99.00 99.00 99.00 999 9999.0 999.0 999.0 999.0 99.0
73 12 07 15 999 99.0 99.0 99.00 99.00 99.00 999 9999.0 999.0 999.0 999.0 99.0
73 12 07 16 999 99.0 99.0 99.00 99.00 99.00 999 9999.0 999.0 999.0 999.0 99.0
73 12 07 17 999 99.0 99.0 99.00 99.00 99.00 999 9999.0 999.0 999.0 999.0 99.0
73 12 07 18 999 99.0 99.0 99.00 99.00 99.00 999 9999.0 999.0 999.0 999.0 99.0
73 12 07 19 999 99.0 99.0 99.00 99.00 99.00 999 9999.0 999.0 999.0 999.0 99.0
73 12 07 20 999 99.0 99.0 99.00 99.00 99.00 999 9999.0 999.0 999.0 999.0 99.0
73 12 07 21 999 99.0 99.0 99.00 99.00 99.00 999 9999.0 999.0 999.0 999.0 99.0
73 12 07 22 999 99.0 99.0 99.00 99.00 99.00 999 9999.0 999.0 999.0 999.0 99.0
73 12 07 23 999 99.0 99.0 99.00 99.00 99.00 999 9999.0 999.0 999.0 999.0 99.0
73 12 08 00 999 99.0 99.0 99.00 99.00 99.00 999 9999.0 999.0 999.0 999.0 99.0
73 12 08 01 999 99.0 99.0 99.00 99.00 99.00 999 9999.0 999.0 999.0 999.0 99.0
73 12 08 02 999 99.0 99.0 99.00 99.00 99.00 999 9999.0 999.0 999.0 999.0 99.0
73 12 08 03 999 99.0 99.0 99.00 99.00 99.00 999 9999.0 999.0 999.0 999.0 99.0
73 12 08 04 999 99.0 99.0 99.00 99.00 99.00 999 9999.0 999.0 999.0 999.0 99.0
73 12 08 05 999 99.0 99.0 99.00 99.00 99.00 999 9999.0 999.0 999.0 999.0 99.0
73 12 08 06 999 99.0 99.0 99.00 99.00 99.00 999 9999.0 999.0 999.0 999.0 99.0
73 12 08 07 999 99.0 99.0 99.00 99.00 99.00 999 9999.0 999.0 999.0 999.0 99.0
73 12 08 08 999 99.0 99.0 99.00 99.00 99.00 999 9999.0 999.0 999.0 999.0 99.0
73 12 08 09 999 99.0 99.0 99.00 99.00 99.00 999 9999.0 999.0 999.0 999.0 99.0
73 12 08 10 999 99.0 99.0 99.00 99.00 99.00 999 9999.0 999.0 999.0 999.0 99.0
73 12 08 11 999 99.0 99.0 99.00 99.00 99.00 999 9999.0 999.0 999.0 999.0 99.0
73 12 08 12 999 99.0 99.0 99.00 99.00 99.00 999 9999.0 999.0 999.0 999.0 99.0
73 12 08 13 999 99.0 99.0 99.00 99.00 99.00 999 9999.0 999.0 999.0 999.0 99.0
73 12 08 14 999 99.0 99.0 99.00 99.00 99.00 999 9999.0 999.0 999.0 999.0 99.0
73 12 08 16 999 99.0 99.0 99.00 99.00 99.00 999 9999.0 999.0 999.0 999.0 99.0
73 12 08 17 999 99.0 99.0 99.00 99.00 99.00 999 9999.0 999.0 999.0 999.0 99.0
73 12 08 18 999 99.0 99.0 99.00 99.00 99.00 999 9999.0 999.0 999.0 999.0 99.0
73 12 08 19 999 99.0 99.0 99.00 99.00 99.00 999 9999.0 999.0 999.0 999.0 99.0
73 12 08 20 999 99.0 99.0 99.00 99.00 99.00 999 9999.0 999.0 999.0 999.0 99.0
73 12 08 21 999 99.0 99.0 99.00 99.00 99.00 999 9999.0 999.0 999.0 999.0 99.0
73 12 08 22 999 99.0 99.0 99.00 99.00 99.00 999 9999.0 999.0 999.0 999.0 99.0
73 12 08 23 999 99.0 99.0 99.00 99.00 99.00 999 9999.0 999.0 999.0 999.0 99.0
73 12 09 00 999 99.0 99.0 99.00 99.00 99.00 999 9999.0 999.0 999.0 999.0 99.0
73 12 09 01 999 99.0 99.0 99.00 99.00 99.00 999 9999.0 999.0 999.0 999.0 99.0
73 12 09 02 999 99.0 99.0 99.00 99.00 99.00 999 9999.0 999.0 999.0 999.0 99.0
73 12 09 03 999 99.0 99.0 99.00 99.00 99.00 999 9999.0 999.0 999.0 999.0 99.0
73 12 09 04 999 99.0 99.0 99.00 99.00 99.00 999 9999.0 999.0 999.0 999.0 99.0
73 12 09 05 999 99.0 99.0 99.00 99.00 99.00 999 9999.0 999.0 999.0 999.0 99.0
73 12 09 06 999 99.0 99.0 99.00 99.00 99.00 999 9999.0 999.0 999.0 999.0 99.0
73 12 09 07 999 99.0 99.0 99.00 99.00 99.00 999 9999.0 999.0 999.0 999.0 99.0
73 12 09 08 999 99.0 99.0 99.00 99.00 99.00 999 9999.0 999.0 999.0 999.0 99.0
73 12 09 09 999 99.0 99.0 99.00 99.00 99.00 999 9999.0 999.0 999.0 999.0 99.0
73 12 09 10 999 99.0 99.0 99.00 99.00 99.00 999 9999.0 999.0 999.0 999.0 99.0
73 12 09 11 999 99.0 99.0 99.00 99.00 99.00 999 9999.0 999.0 999.0 999.0 99.0
73 12 09 12 999 99.0 99.0 99.00 99.00 99.00 999 9999.0 999.0 999.0 999.0 99.0
73 12 09 13 999 99.0 99.0 99.00 99.00 99.00 999 9999.0 999.0 999.0 999.0 99.0
73 12 09 14 999 99.0 99.0 99.00 99.00 99.00 999 9999.0 999.0 999.0 999.0 99.0
73 12 09 16 999 99.0 99.0 99.00 99.00 99.00 999 9999.0 999.0 999.0 999.0 99.0
73 12 09 17 999 99.0 99.0 99.00 99.00 99.00 999 9999.0 999.0 999.0 999.0 99.0
73 12 09 18 999 99.0 99.0 99.00 99.00 99.00 999 9999.0 999.0 999.0 999.0 99.0
73 12 09 19 999 99.0 99.0 99.00 99.00 99.00 999 9999.0 999.0 999.0 999.0 99.0
73 12 09 20 999 99.0 99.0 99.00 99.00 99.00 999 9999.0 999.0 999.0 999.0 99.0
73 12 09 21 999 99.0 99.0 99.00 99.00 99.00 999 9999.0 999.0 999.0 999.0 99.0
73 12 09 22 999 99.0 99.0 99.00 99.00 99.00 999 9999.0 999.0 999.0 999.0 99.0
73 12 10 00 999 99.0 99.0 99.00 99.00 99.00 999 9999.0 999.0 999.0 999.0 99.0
73 12 10 01 999 99.0 99.0 99.00 99.00 99.00 999 9999.0 999.0 999.0 999.0 99.0
73 12 10 02 999 99.0 99.0 99.00 99.00 99.00 999 9999.0 999.0 999.0 999.0 99.0
73 12 10 03 999 99.0 99.0 99.00 99.00 99.00 999 9999.0 999.0 999.0 999.0 99.0
73 12 10 04 999 99.0 99.0 99.00 99.00 99.00 999 9999.0 999.0 999.0 999.0 99.0
73 12 10 05 999 99.0 99.0 99.00 99.00 99.00 999 9999.0 999.0 999.0 999.0 99.0
73 12 10 06 999 99.0 99.0 99.00 99.00 99.00 999 9999.0 999.0 999.0 999.0 99.0
73 12 10 07 999 99.0 99.0 99.00 99.00 99.00 999 9999.0 999.0 999.0 999.0 99.0
73 12 10 08 999 99.0 99.0 99.00 99.00 99.00 999 9999.0 999.0 999.0 999.0 99.0
73 12 10 09 999 99.0 99.0 99.00 99.00 99.00 999 9999.0 999.0 999.0 999.0 99.0
73 12 10 10 999 99.0 99.0 99.00 99.00 99.00 999 9999.0 999.0 999.0 999.0 99.0
73 12 10 11 999 99.0 99.0 99.00 99.00 99.00 999 9999.0 999.0 999.0 999.0 99.0
73 12 10 12 999 99.0 99.0 99.00 99.00 99.00 999 9999.0 999.0 999.0 999.0 99.0
73 12 10 13 999 99.0 99.0 99.00 99.00 99.00 999 9999.0 999.0 999.0 999.0 99.0
73 12 10 14 999 99.0 99.0 99.00 99.00 99.00 999 9999.0 999.0 999.0 999.0 99.0
73 12 10 16 999 99.0 99.0 99.00 99.00 99.00 999 9999.0 999.0 999.0 999.0 99.0
73 12 10 17 999 99.0 99.0 99.00 99.00 99.00 999 9999.0 999.0 999.0 999.0 99.0
73 12 10 18 999 99.0 99.0 99.00 99.00 99.00 999 9999.0 999.0 999.0 999.0 99.0
73 12 10 19 999 99.0 99.0 99.00 99.00 99.00 999 9999.0 999.0 999.0 999.0 99.0
73 12 10 20 999 99.0 99.0 99.00 99.00 99.00 999 9999.0 999.0 999.0 999.0 99.0
73 12 10 21 999 99.0 99.0 99.00 99.00 99.00 999 9999.0 999.0 999.0 999.0 99.0
73 12 10 22 999 99.0 99.0 99.00 99.00 99.00 999 9999.0 999.0 999.0 999.0 99.0
73 12 10 23 999 99.0 99.0 99.00 99.00 99.00 999 9999.0 999.0 999.0 999.0 99.0
73 12 11 00 999 99.0 99.0 99.00 99.00 99.00 999 9999.0 999.0 999.0 999.0 99.0
73 12 11 01 999 99.0 99.0 99.00 99.00 99.00 999 9999.0 999.0 999.0 999.0 99.0
73 12 11 02 999 99.0 99.0 99.00 99.00 99.00 999 9999.0 999.0 999.0 999.0 99.0
73 12 11 03 999 99.0 99.0 99.00 99.00 99.00 999 9999.0 999.0 999.0 999.0 99.0
73 12 11 04 999 99.0 99.0 99.00 99.00 99.00 999 9999.0 999.0 999.0 999.0 99.0
73 12 11 05 999 99.0 99.0 99.00 99.00 99.00 999 9999.0 999.0 999.0 999.0 99.0
73 12 11 06 999 99.0 99.0 99.00 99.00 99.00 999 9999.0 999.0 999.0 999.0 99.0
73 12 11 07 999 99.0 99.0 99.00 99.00 99.00 999 9999.0 999.0 999.0 999.0 99.0
73 12 11 08 999 99.0 99.0 99.00 99.00 99.00 999 9999.0 999.0 999.0 999.0 99.0
73 12 11 09 999 99.0 99.0 99.00 99.00 99.00 999 9999.0 999.0 999.0 999.0 99.0
73 12 11 10 999 99.0 99.0 99.00 99.00 99.00 999 9999.0 999.0 999.0 999.0 99.0
73 12 11 11 999 99.0 99.0 99.00 99.00 99.00 999 9999.0 999.0 999.0 999.0 99.0
73 12 11 12 999 99.0 99.0 99.00 99.00 99.00 999 9999.0 999.0 999.0 999.0 99.0
73 12 11 13 999 99.0 99.0 99.00 99.00 99.00 999 9999.0 999.0 999.0 999.0 99.0
73 12 11 14 999 99.0 99.0 99.00 99.00 99.00 999 9999.0 999.0 999.0 999.0 99.0
73 12 11 15 999 99.0 99.0 99.00 99.00 99.00 999 9999.0 999.0 999.0 999.0 99.0
73 12 11 16 999 99.0 99.0 99.00 99.00 99.00 999 9999.0 999.0 999.0 999.0 99.0
73 12 11 17 999 99.0 99.0 99.00 99.00 99.00 999 9999.0 999.0 999.0 999.0 99.0
73 12 11 18 999 99.0 99.0 99.00 99.00 99.00 999 9999.0 999.0 999.0 999.0 99.0
73 12 11 19 999 99.0 99.0 99.00 99.00 99.00 999 9999.0 999.0 999.0 999.0 99.0
73 12 11 20 999 99.0 99.0 99.00 99.00 99.00 999 9999.0 999.0 999.0 999.0 99.0
73 12 11 21 999 99.0 99.0 99.00 99.00 99.00 999 9999.0 999.0 999.0 999.0 99.0
73 12 11 22 999 99.0 99.0 99.00 99.00 99.00 999 9999.0 999.0 999.0 999.0 99.0
73 12 11 23 999 99.0 99.0 99.00 99.00 99.00 999 9999.0 999.0 999.0 999.0 99.0
73 12 12 00 999 99.0 99.0 99.00 99.00 99.00 999 9999.0 999.0 999.0 999.0 99.0
73 12 12 01 999 99.0 99.0 99.00 99.00 99.00 999 9999.0 999.0 999.0 999.0 99.0
73 12 12 02 999 99.0 99.0 99.00 99.00 99.00 999 9999.0 999.0 999.0 999.0 99.0
73 12 12 03 999 99.0 99.0 99.00 99.00 99.00 999 9999.0 999.0 999.0 999.0 99.0
73 12 12 04 999 99.0 99.0 99.00 99.00 99.00 999 9999.0 999.0 999.0 999.0 99.0
73 12 12 05 999 99.0 99.0 99.00 99.00 99.00 999 9999.0 999.0 999.0 999.0 99.0
73 12 12 06 999 99.0 99.0 99.00 99.00 99.00 999 9999.0 999.0 999.0 999.0 99.0
73 12 12 07 999 99.0 99.0 99.00 99.00 99.00 999 9999.0 999.0 999.0 999.0 99.0
73 12 12 08 999 99.0 99.0 99.00 99.00 99.00 999 9999.0 999.0 999.0 999.0 99.0
73 12 12 09 999 99.0 99.0 99.00 99.00 99.00 999 9999.0 999.0 999.0 999.0 99.0
73 12 12 10 999 99.0 99.0 99.00 99.00 99.00 999 9999.0 999.0 999.0 999.0 99.0
73 12 12 11 999 99.0 99.0 99.00 99.00 99.00 999 9999.0 999.0 999.0 999.0 99.0
73 12 12 12 999 99.0 99.0 99.00 99.00 99.00 999 9999.0 999.0 999.0 999.0 99.0
73 12 12 13 999 99.0 99.0 99.00 99.00 99.00 999 9999.0 999.0 999.0 999.0 99.0
73 12 12 14 999 99.0 99.0 99.00 99.00 99.00 999 9999.0 999.0 999.0 999.0 99.0
73 12 12 15 999 99.0 99.0 99.00 99.00 99.00 999 9999.0 999.0 999.0 999.0 99.0
73 12 12 16 999 99.0 99.0 99.00 99.00 99.00 999 9999.0 999.0 999.0 999.0 99.0
73 12 12 17 999 99.0 99.0 99.00 99.00 99.00 999 9999.0 999.0 999.0 999.0 99.0
73 12 12 18 999 99.0 99.0 99.00 99.00 99.00 999 9999.0 999.0 999.0 999.0 99.0
73 12 12 19 999 99.0 99.0 99.00 99.00 99.00 999 9999.0 999.0 999.0 999.0 99.0
73 12 12 20 999 99.0 99.0 99.00 99.00 99.00 999 9999.0 999.0 999.0 999.0 99.0
73 12 12 21 999 99.0 99.0 99.00 99.00 99.00 999 9999.0 999.0 999.0 999.0 99.0
73 12 12 22 999 99.0 99.0 99.00 99.00 99.00 999 9999.0 999.0 999.0 999.0 99.0
73 12 12 23 999 99.0 99.0 99.00 99.00 99.00 999 9999.0 999.0 999.0 999.0 99.0
73 12 13 00 999 99.0 99.0 99.00 99.00 99.00 999 9999.0 999.0 999.0 999.0 99.0
73 12 13 01 999 99.0 99.0 99.00 99.00 99.00 999 9999.0 999.0 999.0 999.0 99.0
73 12 13 02 999 99.0 99.0 99.00 99.00 99.00 999 9999.0 999.0 999.0 999.0 99.0
73 12 13 03 999 99.0 99.0 99.00 99.00 99.00 999 9999.0 999.0 999.0 999.0 99.0
73 12 13 04 999 99.0 99.0 99.00 99.00 99.00 999 9999.0 999.0 999.0 999.0 99.0
73 12 13 05 999 99.0 99.0 99.00 99.00 99.00 999 9999.0 999.0 999.0 999.0 99.0
73 12 13 06 999 99.0 99.0 99.00 99.00 99.00 999 9999.0 999.0 999.0 999.0 99.0
73 12 13 07 999 99.0 99.0 99.00 99.00 99.00 999 9999.0 999.0 999.0 999.0 99.0
73 12 13 08 999 99.0 99.0 99.00 99.00 99.00 999 9999.0 999.0 999.0 999.0 99.0
73 12 13 09 999 99.0 99.0 99.00 99.00 99.00 999 9999.0 999.0 999.0 999.0 99.0
73 12 13 10 999 99.0 99.0 99.00 99.00 99.00 999 9999.0 999.0 999.0 999.0 99.0
73 12 13 11 999 99.0 99.0 99.00 99.00 99.00 999 9999.0 999.0 999.0 999.0 99.0
73 12 13 12 999 99.0 99.0 99.00 99.00 99.00 999 9999.0 999.0 999.0 999.0 99.0
73 12 13 13 999 99.0 99.0 99.00 99.00 99.00 999 9999.0 999.0 999.0 999.0 99.0
73 12 13 14 999 99.0 99.0 99.00 99.00 99.00 999 9999.0 999.0 999.0 999.0 99.0
73 12 13 15 999 99.0 99.0 99.00 99.00 99.00 999 9999.0 999.0 999.0 999.0 99.0
73 12 13 16 999 99.0 99.0 99.00 99.00 99.00 999 9999.0 999.0 999.0 999.0 99.0
73 12 13 17 999 99.0 99.0 99.00 99.00 99.00 999 9999.0 999.0 999.0 999.0 99.0
73 12 13 18 999 99.0 99.0 99.00 99.00 99.00 999 9999.0 999.0 999.0 999.0 99.0
73 12 13 19 999 99.0 99.0 99.00 99.00 99.00 999 9999.0 999.0 999.0 999.0 99.0
73 12 13 20 999 99.0 99.0 99.00 99.00 99.00 999 9999.0 999.0 999.0 999.0 99.0
73 12 13 21 999 99.0 99.0 99.00 99.00 99.00 999 9999.0 999.0 999.0 999.0 99.0
73 12 13 22 999 99.0 99.0 99.00 99.00 99.00 999 9999.0 999.0 999.0 999.0 99.0
73 12 13 23 999 99.0 99.0 99.00 99.00 99.00 999 9999.0 999.0 999.0 999.0 99.0
73 12 14 00 999 99.0 99.0 99.00 99.00 99.00 999 9999.0 999.0 999.0 999.0 99.0
73 12 14 01 999 99.0 99.0 99.00 99.00 99.00 999 9999.0 999.0 999.0 999.0 99.0
73 12 14 02 999 99.0 99.0 99.00 99.00 99.00 999 9999.0 999.0 999.0 999.0 99.0
73 12 14 03 999 99.0 99.0 99.00 99.00 99.00 999 9999.0 999.0 999.0 999.0 99.0
73 12 14 04 999 99.0 99.0 99.00 99.00 99.00 999 9999.0 999.0 999.0 999.0 99.0
73 12 14 05 999 99.0 99.0 99.00 99.00 99.00 999 9999.0 999.0 999.0 999.0 99.0
73 12 14 06 999 99.0 99.0 99.00 99.00 99.00 999 9999.0 999.0 999.0 999.0 99.0
73 12 14 07 999 99.0 99.0 99.00 99.00 99.00 999 9999.0 999.0 999.0 999.0 99.0
73 12 14 08 999 99.0 99.0 99.00 99.00 99.00 999 9999.0 999.0 999.0 999.0 99.0
73 12 14 09 999 99.0 99.0 99.00 99.00 99.00 999 9999.0 999.0 999.0 999.0 99.0
73 12 14 10 999 99.0 99.0 99.00 99.00 99.00 999 9999.0 999.0 999.0 999.0 99.0
73 12 14 11 999 99.0 99.0 99.00 99.00 99.00 999 9999.0 999.0 999.0 999.0 99.0
73 12 14 12 999 99.0 99.0 99.00 99.00 99.00 999 9999.0 999.0 999.0 999.0 99.0
73 12 14 13 999 99.0 99.0 99.00 99.00 99.00 999 9999.0 999.0 999.0 999.0 99.0
73 12 14 14 999 99.0 99.0 99.00 99.00 99.00 999 9999.0 999.0 999.0 999.0 99.0
73 12 14 15 999 99.0 99.0 99.00 99.00 99.00 999 9999.0 999.0 999.0 999.0 99.0
73 12 14 16 999 99.0 99.0 99.00 99.00 99.00 999 9999.0 999.0 999.0 999.0 99.0
73 12 14 17 999 99.0 99.0 99.00 99.00 99.00 999 9999.0 999.0 999.0 999.0 99.0
73 12 14 18 999 99.0 99.0 99.00 99.00 99.00 999 9999.0 999.0 999.0 999.0 99.0
73 12 14 19 999 99.0 99.0 99.00 99.00 99.00 999 9999.0 999.0 999.0 999.0 99.0
73 12 14 20 999 99.0 99.0 99.00 99.00 99.00 999 9999.0 999.0 999.0 999.0 99.0
73 12 14 21 999 99.0 99.0 99.00 99.00 99.00 999 9999.0 999.0 999.0 999.0 99.0
73 12 14 22 999 99.0 99.0 99.00 99.00 99.00 999 9999.0 999.0 999.0 999.0 99.0
73 12 14 23 999 99.0 99.0 99.00 99.00 99.00 999 9999.0 999.0 999.0 999.0 99.0
73 12 15 00 999 99.0 99.0 99.00 99.00 99.00 999 9999.0 999.0 999.0 999.0 99.0
73 12 15 01 999 99.0 99.0 99.00 99.00 99.00 999 9999.0 999.0 999.0 999.0 99.0
73 12 15 02 999 99.0 99.0 99.00 99.00 99.00 999 9999.0 999.0 999.0 999.0 99.0
73 12 15 03 999 99.0 99.0 99.00 99.00 99.00 999 9999.0 999.0 999.0 999.0 99.0
73 12 15 04 999 99.0 99.0 99.00 99.00 99.00 999 9999.0 999.0 999.0 999.0 99.0
73 12 15 05 999 99.0 99.0 99.00 99.00 99.00 999 9999.0 999.0 999.0 999.0 99.0
73 12 15 06 999 99.0 99.0 99.00 99.00 99.00 999 9999.0 999.0 999.0 999.0 99.0
73 12 15 07 999 99.0 99.0 99.00 99.00 99.00 999 9999.0 999.0 999.0 999.0 99.0
73 12 15 08 999 99.0 99.0 99.00 99.00 99.00 999 9999.0 999.0 999.0 999.0 99.0
73 12 15 09 999 99.0 99.0 99.00 99.00 99.00 999 9999.0 999.0 999.0 999.0 99.0
73 12 15 10 999 99.0 99.0 99.00 99.00 99.00 999 9999.0 999.0 999.0 999.0 99.0
73 12 15 11 999 99.0 99.0 99.00 99.00 99.00 999 9999.0 999.0 999.0 999.0 99.0
73 12 15 12 999 99.0 99.0 99.00 99.00 99.00 999 9999.0 999.0 999.0 999.0 99.0
73 12 15 13 999 99.0 99.0 99.00 99.00 99.00 999 9999.0 999.0 999.0 999.0 99.0
73 12 15 14 999 99.0 99.0 99.00 99.00 99.00 999 9999.0 999.0 999.0 999.0 99.0
73 12 15 15 999 99.0 99.0 99.00 99.00 99.00 999 9999.0 999.0 999.0 999.0 99.0
73 12 15 16 999 99.0 99.0 99.00 99.00 99.00 999 9999.0 999.0 999.0 999.0 99.0
73 12 15 17 999 99.0 99.0 99.00 99.00 99.00 999 9999.0 999.0 999.0 999.0 99.0
73 12 15 18 999 99.0 99.0 99.00 99.00 99.00 999 9999.0 999.0 999.0 999.0 99.0
73 12 15 19 999 99.0 99.0 99.00 99.00 99.00 999 9999.0 999.0 999.0 999.0 99.0
73 12 15 20 999 99.0 99.0 99.00 99.00 99.00 999 9999.0 999.0 999.0 999.0 99.0
73 12 15 21 999 99.0 99.0 99.00 99.00 99.00 999 9999.0 999.0 999.0 999.0 99.0
73 12 15 22 999 99.0 99.0 99.00 99.00 99.00 999 9999.0 999.0 999.0 999.0 99.0
73 12 15 23 999 99.0 99.0 99.00 99.00 99.00 999 9999.0 999.0 999.0 999.0 99.0
73 12 16 00 999 99.0 99.0 99.00 99.00 99.00 999 9999.0 999.0 999.0 999.0 99.0
73 12 16 01 999 99.0 99.0 99.00 99.00 99.00 999 9999.0 999.0 999.0 999.0 99.0
73 12 16 02 999 99.0 99.0 99.00 99.00 99.00 999 9999.0 999.0 999.0 999.0 99.0
73 12 16 03 999 99.0 99.0 99.00 99.00 99.00 999 9999.0 999.0 999.0 999.0 99.0
73 12 16 04 999 99.0 99.0 99.00 99.00 99.00 999 9999.0 999.0 999.0 999.0 99.0
73 12 16 05 999 99.0 99.0 99.00 99.00 99.00 999 9999.0 999.0 999.0 999.0 99.0
73 12 16 06 999 99.0 99.0 99.00 99.00 99.00 999 9999.0 999.0 999.0 999.0 99.0
73 12 16 07 999 99.0 99.0 99.00 99.00 99.00 999 9999.0 999.0 999.0 999.0 99.0
73 12 16 08 999 99.0 99.0 99.00 99.00 99.00 999 9999.0 999.0 999.0 999.0 99.0
73 12 16 09 999 99.0 99.0 99.00 99.00 99.00 999 9999.0 999.0 999.0 999.0 99.0
73 12 16 10 999 99.0 99.0 99.00 99.00 99.00 999 9999.0 999.0 999.0 999.0 99.0
73 12 16 11 999 99.0 99.0 99.00 99.00 99.00 999 9999.0 999.0 999.0 999.0 99.0
73 12 16 12 999 99.0 99.0 99.00 99.00 99.00 999 9999.0 999.0 999.0 999.0 99.0
73 12 16 13 999 99.0 99.0 99.00 99.00 99.00 999 9999.0 999.0 999.0 999.0 99.0
73 12 16 14 999 99.0 99.0 99.00 99.00 99.00 999 9999.0 999.0 999.0 999.0 99.0
73 12 16 15 999 99.0 99.0 99.00 99.00 99.00 999 9999.0 999.0 999.0 999.0 99.0
73 12 16 16 999 99.0 99.0 99.00 99.00 99.00 999 9999.0 999.0 999.0 999.0 99.0
73 12 16 17 999 99.0 99.0 99.00 99.00 99.00 999 9999.0 999.0 999.0 999.0 99.0
73 12 16 18 999 99.0 99.0 99.00 99.00 99.00 999 9999.0 999.0 999.0 999.0 99.0
73 12 16 19 999 99.0 99.0 99.00 99.00 99.00 999 9999.0 999.0 999.0 999.0 99.0
73 12 16 20 999 99.0 99.0 99.00 99.00 99.00 999 9999.0 999.0 999.0 999.0 99.0
73 12 16 21 999 99.0 99.0 99.00 99.00 99.00 999 9999.0 999.0 999.0 999.0 99.0
73 12 16 22 999 99.0 99.0 99.00 99.00 99.00 999 9999.0 999.0 999.0 999.0 99.0
73 12 16 23 999 99.0 99.0 99.00 99.00 99.00 999 9999.0 999.0 999.0 999.0 99.0
73 12 17 00 999 99.0 99.0 99.00 99.00 99.00 999 9999.0 999.0 999.0 999.0 99.0
73 12 17 01 999 99.0 99.0 99.00 99.00 99.00 999 9999.0 999.0 999.0 999.0 99.0
73 12 17 02 999 99.0 99.0 99.00 99.00 99.00 999 9999.0 999.0 999.0 999.0 99.0
73 12 17 03 999 99.0 99.0 99.00 99.00 99.00 999 9999.0 999.0 999.0 999.0 99.0
73 12 17 04 999 99.0 99.0 99.00 99.00 99.00 999 9999.0 999.0 999.0 999.0 99.0
73 12 17 05 999 99.0 99.0 99.00 99.00 99.00 999 9999.0 999.0 999.0 999.0 99.0
73 12 17 06 999 99.0 99.0 99.00 99.00 99.00 999 9999.0 999.0 999.0 999.0 99.0
73 12 17 07 999 99.0 99.0 99.00 99.00 99.00 999 9999.0 999.0 999.0 999.0 99.0
73 12 17 08 999 99.0 99.0 99.00 99.00 99.00 999 9999.0 999.0 999.0 999.0 99.0
73 12 17 09 999 99.0 99.0 99.00 99.00 99.00 999 9999.0 999.0 999.0 999.0 99.0
73 12 17 10 999 99.0 99.0 99.00 99.00 99.00 999 9999.0 999.0 999.0 999.0 99.0
73 12 17 11 999 99.0 99.0 99.00 99.00 99.00 999 9999.0 999.0 999.0 999.0 99.0
73 12 17 12 999 99.0 99.0 99.00 99.00 99.00 999 9999.0 999.0 999.0 999.0 99.0
73 12 17 13 999 99.0 99.0 99.00 99.00 99.00 999 9999.0 999.0 999.0 999.0 99.0
73 12 17 14 999 99.0 99.0 99.00 99.00 99.00 999 9999.0 999.0 999.0 999.0 99.0
73 12 17 15 999 99.0 99.0 99.00 99.00 99.00 999 9999.0 999.0 999.0 999.0 99.0
73 12 17 16 999 99.0 99.0 99.00 99.00 99.00 999 9999.0 999.0 999.0 999.0 99.0
73 12 17 17 999 99.0 99.0 99.00 99.00 99.00 999 9999.0 999.0 999.0 999.0 99.0
73 12 17 18 999 99.0 99.0 99.00 99.00 99.00 999 9999.0 999.0 999.0 999.0 99.0
73 12 17 21 999 99.0 99.0 99.00 99.00 99.00 999 9999.0 999.0 999.0 999.0 99.0
73 12 18 00 999 99.0 99.0 99.00 99.00 99.00 999 9999.0 999.0 999.0 999.0 99.0
73 12 18 03 999 99.0 99.0 99.00 99.00 99.00 999 9999.0 999.0 999.0 999.0 99.0
73 12 18 06 999 99.0 99.0 99.00 99.00 99.00 999 9999.0 999.0 999.0 999.0 99.0
73 12 18 09 999 99.0 99.0 99.00 99.00 99.00 999 9999.0 999.0 999.0 999.0 99.0
73 12 18 12 999 99.0 99.0 99.00 99.00 99.00 999 9999.0 999.0 999.0 999.0 99.0
73 12 18 15 999 99.0 99.0 99.00 99.00 99.00 999 9999.0 999.0 999.0 999.0 99.0
73 12 18 18 999 99.0 99.0 99.00 99.00 99.00 999 9999.0 999.0 999.0 999.0 99.0
73 12 18 21 999 99.0 99.0 99.00 99.00 99.00 999 9999.0 999.0 999.0 999.0 99.0
73 12 19 00 999 99.0 99.0 99.00 99.00 99.00 999 9999.0 999.0 999.0 999.0 99.0
73 12 19 03 999 99.0 99.0 99.00 99.00 99.00 999 9999.0 999.0 999.0 999.0 99.0
73 12 19 06 999 99.0 99.0 99.00 99.00 99.00 999 9999.0 999.0 999.0 999.0 99.0
73 12 19 09 999 99.0 99.0 99.00 99.00 99.00 999 9999.0 999.0 999.0 999.0 99.0
73 12 19 15 999 99.0 99.0 99.00 99.00 99.00 999 9999.0 999.0 999.0 999.0 99.0
73 12 19 18 999 99.0 99.0 99.00 99.00 99.00 999 9999.0 999.0 999.0 999.0 99.0
73 12 19 21 999 99.0 99.0 99.00 99.00 99.00 999 9999.0 999.0 999.0 999.0 99.0
73 12 20 00 999 99.0 99.0 99.00 99.00 99.00 999 9999.0 999.0 999.0 999.0 99.0
73 12 20 03 999 99.0 99.0 99.00 99.00 99.00 999 9999.0 999.0 999.0 999.0 99.0
73 12 20 06 999 99.0 99.0 99.00 99.00 99.00 999 9999.0 999.0 999.0 999.0 99.0
73 12 20 09 999 99.0 99.0 99.00 99.00 99.00 999 9999.0 999.0 999.0 999.0 99.0
73 12 20 12 999 99.0 99.0 99.00 99.00 99.00 999 9999.0 999.0 999.0 999.0 99.0
73 12 20 15 999 99.0 99.0 99.00 99.00 99.00 999 9999.0 999.0 999.0 999.0 99.0
73 12 20 18 999 99.0 99.0 99.00 99.00 99.00 999 9999.0 999.0 999.0 999.0 99.0
73 12 20 21 999 99.0 99.0 99.00 99.00 99.00 999 9999.0 999.0 999.0 999.0 99.0
73 12 21 00 999 99.0 99.0 99.00 99.00 99.00 999 9999.0 999.0 999.0 999.0 99.0
73 12 21 03 999 99.0 99.0 99.00 99.00 99.00 999 9999.0 999.0 999.0 999.0 99.0
73 12 21 06 999 99.0 99.0 99.00 99.00 99.00 999 9999.0 999.0 999.0 999.0 99.0
73 12 21 09 999 99.0 99.0 99.00 99.00 99.00 999 9999.0 999.0 999.0 999.0 99.0
73 12 21 12 999 99.0 99.0 99.00 99.00 99.00 999 9999.0 999.0 999.0 999.0 99.0
73 12 21 15 999 99.0 99.0 99.00 99.00 99.00 999 9999.0 999.0 999.0 999.0 99.0
73 12 21 18 999 99.0 99.0 99.00 99.00 99.00 999 9999.0 999.0 999.0 999.0 99.0
73 12 21 21 999 99.0 99.0 99.00 99.00 99.00 999 9999.0 999.0 999.0 999.0 99.0
73 12 22 00 999 99.0 99.0 99.00 99.00 99.00 999 9999.0 999.0 999.0 999.0 99.0
73 12 22 03 999 99.0 99.0 99.00 99.00 99.00 999 9999.0 999.0 999.0 999.0 99.0
73 12 22 06 999 99.0 99.0 99.00 99.00 99.00 999 9999.0 999.0 999.0 999.0 99.0
73 12 22 09 999 99.0 99.0 99.00 99.00 99.00 999 9999.0 999.0 999.0 999.0 99.0
73 12 22 12 999 99.0 99.0 99.00 99.00 99.00 999 9999.0 999.0 999.0 999.0 99.0
73 12 22 15 999 99.0 99.0 99.00 99.00 99.00 999 9999.0 999.0 999.0 999.0 99.0
73 12 22 18 999 99.0 99.0 99.00 99.00 99.00 999 9999.0 999.0 999.0 999.0 99.0
73 12 22 21 999 99.0 99.0 99.00 99.00 99.00 999 9999.0 999.0 999.0 999.0 99.0
73 12 23 00 999 99.0 99.0 99.00 99.00 99.00 999 9999.0 999.0 999.0 999.0 99.0
73 12 23 03 999 99.0 99.0 99.00 99.00 99.00 999 9999.0 999.0 999.0 999.0 99.0
73 12 23 06 999 99.0 99.0 99.00 99.00 99.00 999 9999.0 999.0 999.0 999.0 99.0
73 12 23 09 999 99.0 99.0 99.00 99.00 99.00 999 9999.0 999.0 999.0 999.0 99.0
73 12 23 12 999 99.0 99.0 99.00 99.00 99.00 999 9999.0 999.0 999.0 999.0 99.0
73 12 23 15 999 99.0 99.0 99.00 99.00 99.00 999 9999.0 999.0 999.0 999.0 99.0
73 12 23 18 999 99.0 99.0 99.00 99.00 99.00 999 9999.0 999.0 999.0 999.0 99.0
73 12 23 21 999 99.0 99.0 99.00 99.00 99.00 999 9999.0 999.0 999.0 999.0 99.0
73 12 24 00 999 99.0 99.0 99.00 99.00 99.00 999 9999.0 999.0 999.0 999.0 99.0
73 12 24 03 999 99.0 99.0 99.00 99.00 99.00 999 9999.0 999.0 999.0 999.0 99.0
73 12 24 06 999 99.0 99.0 99.00 99.00 99.00 999 9999.0 999.0 999.0 999.0 99.0
73 12 24 09 999 99.0 99.0 99.00 99.00 99.00 999 9999.0 999.0 999.0 999.0 99.0
73 12 24 12 999 99.0 99.0 99.00 99.00 99.00 999 9999.0 999.0 999.0 999.0 99.0
73 12 24 15 999 99.0 99.0 99.00 99.00 99.00 999 9999.0 999.0 999.0 999.0 99.0
73 12 24 18 999 99.0 99.0 99.00 99.00 99.00 999 9999.0 999.0 999.0 999.0 99.0
73 12 24 21 999 99.0 99.0 99.00 99.00 99.00 999 9999.0 999.0 999.0 999.0 99.0
73 12 25 00 999 99.0 99.0 99.00 99.00 99.00 999 9999.0 999.0 999.0 999.0 99.0
73 12 25 03 999 99.0 99.0 99.00 99.00 99.00 999 9999.0 999.0 999.0 999.0 99.0
73 12 25 06 999 99.0 99.0 99.00 99.00 99.00 999 9999.0 999.0 999.0 999.0 99.0
73 12 25 09 999 99.0 99.0 99.00 99.00 99.00 999 9999.0 999.0 999.0 999.0 99.0
73 12 25 12 999 99.0 99.0 99.00 99.00 99.00 999 9999.0 999.0 999.0 999.0 99.0
73 12 25 15 999 99.0 99.0 99.00 99.00 99.00 999 9999.0 999.0 999.0 999.0 99.0
73 12 25 18 999 99.0 99.0 99.00 99.00 99.00 999 9999.0 999.0 999.0 999.0 99.0
73 12 25 21 999 99.0 99.0 99.00 99.00 99.00 999 9999.0 999.0 999.0 999.0 99.0
73 12 26 00 999 99.0 99.0 99.00 99.00 99.00 999 9999.0 999.0 999.0 999.0 99.0
73 12 26 03 999 99.0 99.0 99.00 99.00 99.00 999 9999.0 999.0 999.0 999.0 99.0
73 12 26 06 999 99.0 99.0 99.00 99.00 99.00 999 9999.0 999.0 999.0 999.0 99.0
73 12 26 09 999 99.0 99.0 99.00 99.00 99.00 999 9999.0 999.0 999.0 999.0 99.0
73 12 26 12 999 99.0 99.0 99.00 99.00 99.00 999 9999.0 999.0 999.0 999.0 99.0
73 12 26 15 999 99.0 99.0 99.00 99.00 99.00 999 9999.0 999.0 999.0 999.0 99.0
73 12 26 18 999 99.0 99.0 99.00 99.00 99.00 999 9999.0 999.0 999.0 999.0 99.0
73 12 26 21 999 99.0 99.0 99.00 99.00 99.00 999 9999.0 999.0 999.0 999.0 99.0
73 12 27 00 999 99.0 99.0 99.00 99.00 99.00 999 9999.0 999.0 999.0 999.0 99.0
73 12 27 03 999 99.0 99.0 99.00 99.00 99.00 999 9999.0 999.0 999.0 999.0 99.0
73 12 27 06 999 99.0 99.0 99.00 99.00 99.00 999 9999.0 999.0 999.0 999.0 99.0
73 12 27 09 999 99.0 99.0 99.00 99.00 99.00 999 9999.0 999.0 999.0 999.0 99.0
73 12 27 12 999 99.0 99.0 99.00 99.00 99.00 999 9999.0 999.0 999.0 999.0 99.0
73 12 27 15 999 99.0 99.0 99.00 99.00 99.00 999 9999.0 999.0 999.0 999.0 99.0
73 12 27 18 999 99.0 99.0 99.00 99.00 99.00 999 9999.0 999.0 999.0 999.0 99.0
73 12 27 21 999 99.0 99.0 99.00 99.00 99.00 999 9999.0 999.0 999.0 999.0 99.0
73 12 28 00 999 99.0 99.0 99.00 99.00 99.00 999 9999.0 999.0 999.0 999.0 99.0
73 12 28 03 999 99.0 99.0 99.00 99.00 99.00 999 9999.0 999.0 999.0 999.0 99.0
73 12 28 06 999 99.0 99.0 99.00 99.00 99.00 999 9999.0 999.0 999.0 999.0 99.0
73 12 28 09 999 99.0 99.0 99.00 99.00 99.00 999 9999.0 999.0 999.0 999.0 99.0
73 12 28 12 999 99.0 99.0 99.00 99.00 99.00 999 9999.0 999.0 999.0 999.0 99.0
73 12 28 15 999 99.0 99.0 99.00 99.00 99.00 999 9999.0 999.0 999.0 999.0 99.0
73 12 28 18 999 99.0 99.0 99.00 99.00 99.00 999 9999.0 999.0 999.0 999.0 99.0
73 12 28 21 999 99.0 99.0 99.00 99.00 99.00 999 9999.0 999.0 999.0 999.0 99.0
73 12 29 00 999 99.0 99.0 99.00 99.00 99.00 999 9999.0 999.0 999.0 999.0 99.0
73 12 29 03 999 99.0 99.0 99.00 99.00 99.00 999 9999.0 999.0 999.0 999.0 99.0
73 12 29 06 999 99.0 99.0 99.00 99.00 99.00 999 9999.0 999.0 999.0 999.0 99.0
73 12 29 09 999 99.0 99.0 99.00 99.00 99.00 999 9999.0 999.0 999.0 999.0 99.0
73 12 29 12 999 99.0 99.0 99.00 99.00 99.00 999 9999.0 999.0 999.0 999.0 99.0
73 12 29 15 999 99.0 99.0 99.00 99.00 99.00 999 9999.0 999.0 999.0 999.0 99.0
73 12 29 18 999 99.0 99.0 99.00 99.00 99.00 999 9999.0 999.0 999.0 999.0 99.0
73 12 29 21 999 99.0 99.0 99.00 99.00 99.00 999 9999.0 999.0 999.0 999.0 99.0
73 12 30 00 999 99.0 99.0 99.00 99.00 99.00 999 9999.0 999.0 999.0 999.0 99.0
73 12 30 03 999 99.0 99.0 99.00 99.00 99.00 999 9999.0 999.0 999.0 999.0 99.0
73 12 30 06 999 99.0 99.0 99.00 99.00 99.00 999 9999.0 999.0 999.0 999.0 99.0
73 12 30 09 999 99.0 99.0 99.00 99.00 99.00 999 9999.0 999.0 999.0 999.0 99.0
73 12 30 12 999 99.0 99.0 99.00 99.00 99.00 999 9999.0 999.0 999.0 999.0 99.0
73 12 30 15 999 99.0 99.0 99.00 99.00 99.00 999 9999.0 999.0 999.0 999.0 99.0
73 12 30 18 999 99.0 99.0 99.00 99.00 99.00 999 9999.0 999.0 999.0 999.0 99.0
73 12 30 21 999 99.0 99.0 99.00 99.00 99.00 999 9999.0 999.0 999.0 999.0 99.0
73 12 31 00 999 99.0 99.0 99.00 99.00 99.00 999 9999.0 999.0 999.0 999.0 99.0
73 12 31 03 999 99.0 99.0 99.00 99.00 99.00 999 9999.0 999.0 999.0 999.0 99.0
73 12 31 06 999 99.0 99.0 99.00 99.00 99.00 999 9999.0 999.0 999.0 999.0 99.0
73 12 31 09 999 99.0 99.0 99.00 99.00 99.00 999 9999.0 999.0 999.0 999.0 99.0
73 12 31 12 999 99.0 99.0 99.00 99.00 99.00 999 9999.0 999.0 999.0 999.0 99.0
73 12 31 15 999 99.0 99.0 99.00 99.00 99.00 999 9999.0 999.0 999.0 999.0 99.0
73 12 31 18 999 99.0 99.0 99.00 99.00 99.00 999 9999.0 999.0 999.0 999.0 99.0
73 12 31 21 999 99.0 99.0 99.00 99.00 99.00 999 9999.0 999.0 999.0 999.0 99.0
